52
11
91
102
83
60
55
155
95
155
29
61
85
48
53
56
91
24
173
80
59
37
78
131
174
36
169
53
30
24
102
43
55
71
155
39
22
75
99
99
119
45
60
120
20
90
42
124
69
59
15
119
112
109
100
75
87
113
70
133
61
49
100
35
75
141
144
91
117
87
76
177
12
36
71
75
20
48
102
105
110
173
15
180
12
71
126
10
81
54
10
108
26
77
34
86
30
36
21
21
112
76
26
81
51
77
106
77
65
78
82
50
61
21
161
68
65
117
145
22
107
36
119
112
175
127
128
73
175
104
166
62
54
28
35
98
38
14
25
47
187
153
79
67
51
126
58
52
100
33
41
77
129
121
75
144
101
21
97
73
187
111
144
16
17
84
130
69
127
127
51
56
36
105
73
25
130
95
111
34
90
94
51
47
130
19
79
47
112
79
42
110
72
14
151
186
162
27
89
147
