84
128
166
68
164
130
22
36
48
194
197
12
185
44
53
190
181
166
10
171
170
90
37
31
36
136
54
176
63
131
130
101
196
191
146
4
97
188
80
54
144
161
81
14
125
77
132
56
106
133
169
21
177
148
156
73
181
139
19
186
157
13
8
94
93
92
113
120
81
18
83
26
69
88
32
198
113
175
107
113
22
103
145
47
18
67
108
97
92
103
5
127
47
50
41
193
15
136
143
86
32
80
176
14
67
100
192
199
109
183
147
54
38
113
151
92
97
44
179
199
161
124
107
195
151
154
29
87
79
141
21
78
175
175
2
5
168
146
42
194
135
77
146
16
177
76
24
156
118
160
25
25
21
57
169
2
92
35
101
188
193
87
109
105
146
86
92
94
157
146
9
52
9
68
98
33
76
192
24
87
39
113
42
76
159
144
22
127
152
151
35
54
115
177
174
30
148
48
158
160
